// Auto-generated by scripts/generate-geo-matrix.js
// Weights use: 1 + 2 * exp(-distance_km / 400)
const GEO_WEIGHT_MATRIX = [
    [
        3,
        2.6156,
        2.5237,
        2.9315,
        1.9391,
        2.9901,
        1.061,
        2.8454,
        1.1236,
        1.0398,
        2.9631,
        2.8998,
        2.903,
        2.7227,
        2.9828,
        2.9739,
        1.2639,
        2.7712,
        2.0781,
        2.8524,
        1.5369
    ],
    [
        2.6156,
        3,
        2.3834,
        2.6708,
        2.1457,
        2.6212,
        1.072,
        2.7497,
        1.1447,
        1.0428,
        2.644,
        2.5999,
        2.5472,
        2.4184,
        2.627,
        2.5946,
        1.3135,
        2.8094,
        2.3284,
        2.5455,
        1.6366
    ],
    [
        2.5237,
        2.3834,
        3,
        2.5256,
        1.9381,
        2.5282,
        1.0695,
        2.4792,
        1.1419,
        1.0503,
        2.5282,
        2.4488,
        2.4873,
        2.3817,
        2.5294,
        2.5235,
        1.2932,
        2.5026,
        2.0256,
        2.6355,
        1.5904
    ],
    [
        2.9315,
        2.6708,
        2.5256,
        3,
        1.9723,
        2.9396,
        1.063,
        2.9042,
        1.1275,
        1.0406,
        2.9675,
        2.864,
        2.8399,
        2.6679,
        2.9469,
        2.9064,
        1.2727,
        2.834,
        2.1162,
        2.8254,
        1.5547
    ],
    [
        1.9391,
        2.1457,
        1.9381,
        1.9723,
        3,
        1.9433,
        1.1226,
        2.0099,
        1.2433,
        1.0614,
        1.9568,
        1.9196,
        1.8949,
        1.8149,
        1.947,
        1.9271,
        1.5362,
        2.0601,
        2.6858,
        1.9243,
        2.0716
    ],
    [
        2.9901,
        2.6212,
        2.5282,
        2.9396,
        1.9433,
        3,
        1.0613,
        2.8511,
        1.1242,
        1.04,
        2.9717,
        2.8925,
        2.8937,
        2.7142,
        2.9923,
        2.9655,
        1.2652,
        2.7787,
        2.0825,
        2.8549,
        1.5395
    ],
    [
        1.061,
        1.072,
        1.0695,
        1.063,
        1.1226,
        1.0613,
        3,
        1.0646,
        1.9745,
        1.2811,
        1.0621,
        1.0589,
        1.0581,
        1.0526,
        1.0616,
        1.0604,
        1.4573,
        1.0682,
        1.1035,
        1.0619,
        1.2261
    ],
    [
        2.8454,
        2.7497,
        2.4792,
        2.9042,
        2.0099,
        2.8511,
        1.0646,
        3,
        1.1305,
        1.0406,
        2.8758,
        2.8202,
        2.768,
        2.6137,
        2.8572,
        2.8218,
        1.2804,
        2.8958,
        2.1645,
        2.7418,
        1.5704
    ],
    [
        1.1236,
        1.1447,
        1.1419,
        1.1275,
        1.2433,
        1.1242,
        1.9745,
        1.1305,
        3,
        1.288,
        1.1258,
        1.1192,
        1.1177,
        1.1065,
        1.1247,
        1.1223,
        1.8944,
        1.1377,
        1.2051,
        1.1257,
        1.4527
    ],
    [
        1.0398,
        1.0428,
        1.0503,
        1.0406,
        1.0614,
        1.04,
        1.2811,
        1.0406,
        1.288,
        3,
        1.0403,
        1.0379,
        1.0382,
        1.035,
        1.0401,
        1.0395,
        1.1624,
        1.0426,
        1.0527,
        1.0418,
        1.1071
    ],
    [
        2.9631,
        2.644,
        2.5282,
        2.9675,
        1.9568,
        2.9717,
        1.0621,
        2.8758,
        1.1258,
        1.0403,
        3,
        2.8813,
        2.8686,
        2.6924,
        2.9791,
        2.9378,
        1.2687,
        2.8043,
        2.0981,
        2.8436,
        1.5466
    ],
    [
        2.8998,
        2.5999,
        2.4488,
        2.864,
        1.9196,
        2.8925,
        1.0589,
        2.8202,
        1.1192,
        1.0379,
        2.8813,
        3,
        2.9117,
        2.7723,
        2.8888,
        2.9017,
        1.2555,
        2.7282,
        2.0627,
        2.7678,
        1.5197
    ],
    [
        2.903,
        2.5472,
        2.4873,
        2.8399,
        1.8949,
        2.8937,
        1.0581,
        2.768,
        1.1177,
        1.0382,
        2.8686,
        2.9117,
        3,
        2.8099,
        2.8866,
        2.9249,
        1.2511,
        2.6884,
        2.0296,
        2.8183,
        1.5109
    ],
    [
        2.7227,
        2.4184,
        2.3817,
        2.6679,
        1.8149,
        2.7142,
        1.0526,
        2.6137,
        1.1065,
        1.035,
        2.6924,
        2.7723,
        2.8099,
        3,
        2.7079,
        2.742,
        1.2274,
        2.5345,
        1.9422,
        2.6705,
        1.4626
    ],
    [
        2.9828,
        2.627,
        2.5294,
        2.9469,
        1.947,
        2.9923,
        1.0616,
        2.8572,
        1.1247,
        1.0401,
        2.9791,
        2.8888,
        2.8866,
        2.7079,
        3,
        2.958,
        1.2662,
        2.7855,
        2.0866,
        2.8535,
        1.5416
    ],
    [
        2.9739,
        2.5946,
        2.5235,
        2.9064,
        1.9271,
        2.9655,
        1.0604,
        2.8218,
        1.1223,
        1.0395,
        2.9378,
        2.9017,
        2.9249,
        2.742,
        2.958,
        3,
        1.2609,
        2.7482,
        2.064,
        2.8588,
        1.5306
    ],
    [
        1.2639,
        1.3135,
        1.2932,
        1.2727,
        1.5362,
        1.2652,
        1.4573,
        1.2804,
        1.8944,
        1.1624,
        1.2687,
        1.2555,
        1.2511,
        1.2274,
        1.2662,
        1.2609,
        3,
        1.2957,
        1.4525,
        1.2661,
        1.9831
    ],
    [
        2.7712,
        2.8094,
        2.5026,
        2.834,
        2.0601,
        2.7787,
        1.0682,
        2.8958,
        1.1377,
        1.0426,
        2.8043,
        2.7282,
        2.6884,
        2.5345,
        2.7855,
        2.7482,
        1.2957,
        3,
        2.2169,
        2.7081,
        1.6014
    ],
    [
        2.0781,
        2.3284,
        2.0256,
        2.1162,
        2.6858,
        2.0825,
        1.1035,
        2.1645,
        1.2051,
        1.0527,
        2.0981,
        2.0627,
        2.0296,
        1.9422,
        2.0866,
        2.064,
        1.4525,
        2.2169,
        3,
        2.0491,
        1.9034
    ],
    [
        2.8524,
        2.5455,
        2.6355,
        2.8254,
        1.9243,
        2.8549,
        1.0619,
        2.7418,
        1.1257,
        1.0418,
        2.8436,
        2.7678,
        2.8183,
        2.6705,
        2.8535,
        2.8588,
        1.2661,
        2.7081,
        2.0491,
        3,
        1.5406
    ],
    [
        1.5369,
        1.6366,
        1.5904,
        1.5547,
        2.0716,
        1.5395,
        1.2261,
        1.5704,
        1.4527,
        1.1071,
        1.5466,
        1.5197,
        1.5109,
        1.4626,
        1.5416,
        1.5306,
        1.9831,
        1.6014,
        1.9034,
        1.5406,
        3
    ]
];
